5.083576 5.052698 1.066660
5.083576 5.052698 1.066660
5.092547 4.957699 1.086776
5.106710 4.950217 1.172973
5.118162 4.924063 1.253361
5.121546 4.999660 1.344598
5.206802 5.006789 1.349754
5.206802 5.006789 1.349754
5.206802 5.006789 1.349754
5.202712 4.961272 1.367817
5.202712 4.961272 1.367817
5.202712 4.961272 1.367817
5.159210 5.049514 1.426618
5.227161 5.011600 1.465808
5.198494 4.949285 1.496234
5.198494 4.949285 1.496234
5.198494 4.949285 1.496234
5.198494 4.949285 1.496234
5.099870 4.980685 1.515370
5.099870 4.980685 1.515370
5.106968 4.986265 1.522538
5.106968 4.986265 1.522538
5.106968 4.986265 1.522538
5.142554 4.945737 1.560944
5.142554 4.945737 1.560944
5.142554 4.945737 1.560944
5.153685 4.946542 1.648497
5.153685 4.946542 1.648497
5.083483 4.850732 1.662890
5.083483 4.850732 1.662890
5.160811 4.760271 1.747999
5.243298 4.672690 1.826699
5.261371 4.644582 1.843806
5.250613 4.579774 1.910732
5.250613 4.579774 1.910732
5.211267 4.655622 1.928602
5.159473 4.574002 1.966413
5.177306 4.499676 2.034023
5.199328 4.539743 2.037011
5.132708 4.457801 2.069200
5.043416 4.385398 2.086497
5.043416 4.385398 2.086497
5.043416 4.385398 2.086497
5.043416 4.385398 2.086497
5.043416 4.385398 2.086497
5.043416 4.385398 2.086497
5.008067 4.299088 2.156789
5.008067 4.299088 2.156789
5.008067 4.299088 2.156789
5.008067 4.299088 2.156789
4.910366 4.274354 2.176141
4.910366 4.274354 2.176141
4.910366 4.274354 2.176141
5.001721 4.357997 2.235762
5.001721 4.357997 2.235762
4.903927 4.286987 2.303565
4.903927 4.286987 2.303565
4.903927 4.286987 2.303565
4.848922 4.333663 2.398395
4.869182 4.299691 2.442623
4.944739 4.358407 2.457827
4.920341 4.300209 2.526237
5.016586 4.233367 2.578290
5.072451 4.203960 2.662257
5.152588 4.225679 2.748430
5.061714 4.215202 2.840480
5.061714 4.215202 2.840480
5.050741 4.155344 2.896044
5.084763 4.242162 2.946438
5.084763 4.242162 2.946438
4.996325 4.151987 2.951878
4.949690 4.230223 2.953564
4.949690 4.230223 2.953564
4.949690 4.230223 2.953564
4.949690 4.230223 2.953564
4.949690 4.230223 2.953564
4.949690 4.230223 2.953564
5.026388 4.282103 3.038158
4.997708 4.363823 3.134315
4.997708 4.363823 3.134315
5.086554 4.399866 3.223985
5.032951 4.393025 3.227911
5.032951 4.393025 3.227911
5.032951 4.393025 3.227911
4.934572 4.402373 3.306388
4.934572 4.402373 3.306388
4.934572 4.402373 3.306388
4.934572 4.402373 3.306388
4.934572 4.402373 3.306388
4.948440 4.434453 3.344160
4.866233 4.350618 3.353925
4.866233 4.350618 3.353925
4.951905 4.315634 3.374526
4.951905 4.315634 3.374526
4.971474 4.361083 3.417551
5.019000 4.269424 3.444248
5.076202 4.236815 3.535762
5.030240 4.312774 3.551473
5.030240 4.312774 3.551473
5.030240 4.312774 3.551473
4.999760 4.247804 3.569699
5.088261 4.168505 3.652940
5.088261 4.168505 3.652940
5.134656 4.214809 3.674642
5.124077 4.208639 3.704686
5.040195 4.159671 3.802120
4.947826 4.164741 3.875514
4.971169 4.109531 3.969480
5.024091 4.126120 4.021791
5.024091 4.126120 4.021791
5.024091 4.126120 4.021791
5.045978 4.193538 4.097798
5.094600 4.237209 4.120201
5.094600 4.237209 4.120201
5.094600 4.237209 4.120201
5.030172 4.282065 4.186445
5.089087 4.371712 4.246656
5.100924 4.377949 4.259178
5.113057 4.388740 4.292121
5.113057 4.388740 4.292121
5.113057 4.388740 4.292121
5.155153 4.440091 4.301191
5.092175 4.356816 4.322085
5.017953 4.268957 4.370919
4.983517 4.173949 4.455325
4.893938 4.245186 4.498647
4.893938 4.245186 4.498647
4.893938 4.245186 4.498647
4.893938 4.245186 4.498647
4.893938 4.245186 4.498647
4.958737 4.329257 4.547182
4.958737 4.329257 4.547182
4.958737 4.329257 4.547182
5.002334 4.341692 4.629574
5.002334 4.341692 4.629574
5.002334 4.341692 4.629574
5.002334 4.341692 4.629574
5.002334 4.341692 4.629574
4.934850 4.433619 4.726007
4.864550 4.490344 4.806511
4.864550 4.490344 4.806511
4.789907 4.438813 4.827405
4.858860 4.499717 4.830692
4.858860 4.499717 4.830692
4.858860 4.499717 4.830692
4.858860 4.499717 4.830692
4.790415 4.495752 4.862145
4.754486 4.483712 4.890031
4.754486 4.483712 4.890031
4.754486 4.483712 4.890031
4.754486 4.483712 4.890031
4.754486 4.483712 4.890031
4.754486 4.483712 4.890031
4.754486 4.483712 4.890031
4.754486 4.483712 4.890031
4.754486 4.483712 4.890031
4.754486 4.483712 4.890031
4.754486 4.483712 4.890031
4.754486 4.483712 4.890031
4.749522 4.516271 4.912826
4.749522 4.516271 4.912826
4.749522 4.516271 4.912826
4.749522 4.516271 4.912826
4.749522 4.516271 4.912826
4.749522 4.516271 4.912826
4.670128 4.530971 4.977550
4.670128 4.530971 4.977550
4.670128 4.530971 4.977550
4.670128 4.530971 4.977550
4.670128 4.530971 4.977550
4.670128 4.530971 4.977550
4.670128 4.530971 4.977550
4.670128 4.530971 4.977550
4.670128 4.530971 4.977550
4.670128 4.530971 4.977550
4.670128 4.530971 4.977550
4.670128 4.530971 4.977550
4.670128 4.530971 4.977550
4.670128 4.530971 4.977550
4.670128 4.530971 4.977550
4.670128 4.530971 4.977550
4.619122 4.587345 5.018343
4.619122 4.587345 5.018343
4.619122 4.587345 5.018343
4.619122 4.587345 5.018343
4.619122 4.587345 5.018343
4.619122 4.587345 5.018343
4.619122 4.587345 5.018343
4.619122 4.587345 5.018343
4.619122 4.587345 5.018343
4.619122 4.587345 5.018343
4.619122 4.587345 5.018343
4.619122 4.587345 5.018343
4.619122 4.587345 5.018343
4.619122 4.587345 5.018343
4.619122 4.587345 5.018343
4.619122 4.587345 5.018343
4.619122 4.587345 5.018343
4.571043 4.608595 5.050210
4.571043 4.608595 5.050210
4.571043 4.608595 5.050210
4.571043 4.608595 5.050210
4.571043 4.608595 5.050210
4.571043 4.608595 5.050210
4.571043 4.608595 5.050210
4.571043 4.608595 5.050210
4.571043 4.608595 5.050210
4.571043 4.608595 5.050210
4.571043 4.608595 5.050210
4.571043 4.608595 5.050210
4.571043 4.608595 5.050210
4.571043 4.608595 5.050210
4.571043 4.608595 5.050210
4.571043 4.608595 5.050210
4.571043 4.608595 5.050210
4.571043 4.608595 5.050210
4.660332 4.681478 5.060280
4.660332 4.681478 5.060280
4.649229 4.779489 5.087442
4.649229 4.779489 5.087442
4.675627 4.863803 5.123487
4.770061 4.852989 5.160001
4.770061 4.852989 5.160001
4.679120 4.804477 5.174591
4.679120 4.804477 5.174591
4.679120 4.804477 5.174591
4.683317 4.842773 5.191339
4.683317 4.842773 5.191339
4.683317 4.842773 5.191339
4.683317 4.842773 5.191339
4.683317 4.842773 5.191339
4.683317 4.842773 5.191339
4.683317 4.842773 5.191339
4.683317 4.842773 5.191339
4.746461 4.911515 5.209065
4.746461 4.911515 5.209065
4.746461 4.911515 5.209065
4.746461 4.911515 5.209065
4.746461 4.911515 5.209065
4.694224 4.902548 5.220917
4.628365 4.803935 5.223100
4.569704 4.787861 5.224671
4.569704 4.787861 5.224671
4.569704 4.787861 5.224671
4.569704 4.787861 5.224671
4.569704 4.787861 5.224671
4.569704 4.787861 5.224671
4.569704 4.787861 5.224671
4.569704 4.787861 5.224671
4.569704 4.787861 5.224671
4.569704 4.787861 5.224671
4.569704 4.787861 5.224671
4.569704 4.787861 5.224671
4.569704 4.787861 5.224671
4.569704 4.787861 5.224671
4.569704 4.787861 5.224671
4.569704 4.787861 5.224671
4.569704 4.787861 5.224671
4.569704 4.787861 5.224671
4.569704 4.787861 5.224671
4.628261 4.886046 5.228874
4.628261 4.886046 5.228874
4.628261 4.886046 5.228874
4.661542 4.927732 5.293492
4.661542 4.927732 5.293492
4.661542 4.927732 5.293492
4.661542 4.927732 5.293492
4.661542 4.927732 5.293492
4.661542 4.927732 5.293492
4.661542 4.927732 5.293492
4.661542 4.927732 5.293492
4.661542 4.927732 5.293492
4.661542 4.927732 5.293492
4.661542 4.927732 5.293492
4.661542 4.927732 5.293492
4.661542 4.927732 5.293492
4.698316 4.939204 5.297826
4.698316 4.939204 5.297826
4.698316 4.939204 5.297826
4.698316 4.939204 5.297826
4.698316 4.939204 5.297826
4.698316 4.939204 5.297826
4.698316 4.939204 5.297826
4.698316 4.939204 5.297826
4.633491 4.978002 5.328021
4.633491 4.978002 5.328021
4.547163 4.903430 5.331898
4.625221 4.956671 5.335583
4.525902 5.011283 5.415122
4.525902 5.011283 5.415122
4.448342 4.916841 5.418565
4.448342 4.916841 5.418565
4.448342 4.916841 5.418565
4.448342 4.916841 5.418565
4.448342 4.916841 5.418565
4.448342 4.916841 5.418565
4.448342 4.916841 5.418565
4.448342 4.916841 5.418565
4.448342 4.916841 5.418565
4.448342 4.916841 5.418565
4.448342 4.916841 5.418565
4.448342 4.916841 5.418565
4.448342 4.916841 5.418565
4.448342 4.916841 5.418565
4.359058 4.887845 5.433664
4.359058 4.887845 5.433664
4.359058 4.887845 5.433664
4.359058 4.887845 5.433664
4.359058 4.887845 5.433664
4.317708 4.912677 5.466693
4.317708 4.912677 5.466693
4.317708 4.912677 5.466693
4.317708 4.912677 5.466693
4.317708 4.912677 5.466693
4.317708 4.912677 5.466693
4.317708 4.912677 5.466693
4.224281 4.869888 5.505493
4.224281 4.869888 5.505493
4.224281 4.869888 5.505493
4.145753 4.851592 5.530781
4.145753 4.851592 5.530781
4.145753 4.851592 5.530781
4.145753 4.851592 5.530781
4.145753 4.851592 5.530781
4.178143 4.918067 5.553917
4.089021 4.991114 5.634264
4.089021 4.991114 5.634264
4.044376 4.950322 5.649079
4.046324 5.046133 5.685367
4.129977 5.067231 5.693883
4.129977 5.067231 5.693883
4.129977 5.067231 5.693883
4.129977 5.067231 5.693883
4.129977 5.067231 5.693883
4.129977 5.067231 5.693883
4.129977 5.067231 5.693883
4.129977 5.067231 5.693883
4.129977 5.067231 5.693883
4.129977 5.067231 5.693883
4.129977 5.067231 5.693883
4.129977 5.067231 5.693883
4.035992 4.985454 5.710366
4.035992 4.985454 5.710366
4.035992 4.985454 5.710366
4.035992 4.985454 5.710366
4.035992 4.985454 5.710366
4.035992 4.985454 5.710366
4.035992 4.985454 5.710366
4.035992 4.985454 5.710366
4.035992 4.985454 5.710366
4.035992 4.985454 5.710366
3.969455 5.075136 5.789993
3.969455 5.075136 5.789993
4.004839 5.137234 5.818328
4.034122 5.215664 5.891698
4.034122 5.215664 5.891698
4.034122 5.215664 5.891698
4.034122 5.215664 5.891698
4.034122 5.215664 5.891698
4.034122 5.215664 5.891698
4.034122 5.215664 5.891698
3.985203 5.296138 5.900569
3.985203 5.296138 5.900569
3.985203 5.296138 5.900569
4.048641 5.240624 5.913977
4.048641 5.240624 5.913977
4.048641 5.240624 5.913977
4.048641 5.240624 5.913977
4.048641 5.240624 5.913977
4.048641 5.240624 5.913977
4.048641 5.240624 5.913977
4.048641 5.240624 5.913977
4.094500 5.334315 5.935506
4.094500 5.334315 5.935506
4.094500 5.334315 5.935506
4.094500 5.334315 5.935506
4.122147 5.406417 5.991497
4.122147 5.406417 5.991497
4.122147 5.406417 5.991497
4.122147 5.406417 5.991497
4.055106 5.352671 5.997214
4.055106 5.352671 5.997214
4.055106 5.352671 5.997214
4.055106 5.352671 5.997214
4.055106 5.352671 5.997214
4.055106 5.352671 5.997214
4.055106 5.352671 5.997214
4.055106 5.352671 5.997214
4.055106 5.352671 5.997214
4.055106 5.352671 5.997214
4.055106 5.352671 5.997214
4.055106 5.352671 5.997214
4.055106 5.352671 5.997214
4.067608 5.427116 6.026511
4.067608 5.427116 6.026511
4.067608 5.427116 6.026511
4.067608 5.427116 6.026511
4.067608 5.427116 6.026511
4.032796 5.522028 6.031305
4.032796 5.522028 6.031305
4.032796 5.522028 6.031305
4.032796 5.522028 6.031305
4.032796 5.522028 6.031305
4.036255 5.476915 6.072493
4.036255 5.476915 6.072493
4.036255 5.476915 6.072493
4.036255 5.476915 6.072493
4.036255 5.476915 6.072493
4.036255 5.476915 6.072493
4.036255 5.476915 6.072493
4.036255 5.476915 6.072493
4.036255 5.476915 6.072493
4.036255 5.476915 6.072493
4.036255 5.476915 6.072493
4.036255 5.476915 6.072493
4.036255 5.476915 6.072493
4.036255 5.476915 6.072493
4.036255 5.476915 6.072493
4.036255 5.476915 6.072493
4.036255 5.476915 6.072493
4.036255 5.476915 6.072493
4.036255 5.476915 6.072493
3.938531 5.542089 6.072517
3.883902 5.538198 6.087175
3.883902 5.538198 6.087175
3.883902 5.538198 6.087175
3.883902 5.538198 6.087175
3.892160 5.500083 6.133397
3.892160 5.500083 6.133397
3.892160 5.500083 6.133397
3.892160 5.500083 6.133397
3.892160 5.500083 6.133397
3.892160 5.500083 6.133397
3.892160 5.500083 6.133397
3.892160 5.500083 6.133397
3.892160 5.500083 6.133397
3.892160 5.500083 6.133397
3.892160 5.500083 6.133397
3.892160 5.500083 6.133397
3.892160 5.500083 6.133397
3.892160 5.500083 6.133397
3.796297 5.438601 6.198424
3.796297 5.438601 6.198424
3.736146 5.476714 6.201545
3.736146 5.476714 6.201545
3.736146 5.476714 6.201545
3.736146 5.476714 6.201545
3.736146 5.476714 6.201545
3.736146 5.476714 6.201545
3.736146 5.476714 6.201545
3.736146 5.476714 6.201545
3.736146 5.476714 6.201545
3.736146 5.476714 6.201545
3.736146 5.476714 6.201545
3.736146 5.476714 6.201545
3.736146 5.476714 6.201545
3.736146 5.476714 6.201545
3.736146 5.476714 6.201545
3.736146 5.476714 6.201545
3.736146 5.476714 6.201545
3.736146 5.476714 6.201545
3.736146 5.476714 6.201545
3.736146 5.476714 6.201545
3.693083 5.436945 6.218646
3.618882 5.383022 6.272417
3.618882 5.383022 6.272417
3.618882 5.383022 6.272417
3.618882 5.383022 6.272417
3.618882 5.383022 6.272417
3.618882 5.383022 6.272417
3.618882 5.383022 6.272417
3.618882 5.383022 6.272417
3.618882 5.383022 6.272417
3.618882 5.383022 6.272417
3.618882 5.383022 6.272417
3.618882 5.383022 6.272417
3.618882 5.383022 6.272417
3.618882 5.383022 6.272417
3.618882 5.383022 6.272417
3.618882 5.383022 6.272417
3.618882 5.383022 6.272417
3.618882 5.383022 6.272417
3.618882 5.383022 6.272417
3.618882 5.383022 6.272417
3.618882 5.383022 6.272417
3.618882 5.383022 6.272417
3.618882 5.383022 6.272417
3.618882 5.383022 6.272417
3.618882 5.383022 6.272417
3.618882 5.383022 6.272417
3.618882 5.383022 6.272417
3.618882 5.383022 6.272417
3.523845 5.355948 6.277219
3.523845 5.355948 6.277219
3.535186 5.401560 6.342906
3.527899 5.396131 6.344111
3.527899 5.396131 6.344111
3.527899 5.396131 6.344111
3.527899 5.396131 6.344111
3.527899 5.396131 6.344111
3.516355 5.464154 6.383343
3.516355 5.464154 6.383343
3.516355 5.464154 6.383343
3.516355 5.464154 6.383343
3.516355 5.464154 6.383343
3.516355 5.464154 6.383343
3.516355 5.464154 6.383343
3.516355 5.464154 6.383343
3.516355 5.464154 6.383343
3.516355 5.464154 6.383343
3.516355 5.464154 6.383343
3.516355 5.464154 6.383343
3.516355 5.464154 6.383343
3.516355 5.464154 6.383343
3.516355 5.464154 6.383343
3.516355 5.464154 6.383343
3.516355 5.464154 6.383343
3.516355 5.464154 6.383343
3.516355 5.464154 6.383343
3.516355 5.464154 6.383343
3.460517 5.455229 6.411361
3.460517 5.455229 6.411361
3.460517 5.455229 6.411361
3.460517 5.455229 6.411361
3.460517 5.455229 6.411361
3.460517 5.455229 6.411361
3.460517 5.455229 6.411361
3.460517 5.455229 6.411361
3.460517 5.455229 6.411361
3.398277 5.450414 6.449304
3.398277 5.450414 6.449304
3.398277 5.450414 6.449304
3.398277 5.450414 6.449304
3.398277 5.450414 6.449304
3.398277 5.450414 6.449304
3.398277 5.450414 6.449304
3.398277 5.450414 6.449304
3.398277 5.450414 6.449304
3.372994 5.462119 6.463663
3.372994 5.462119 6.463663
3.372994 5.462119 6.463663
3.372994 5.462119 6.463663
3.372994 5.462119 6.463663
3.372994 5.462119 6.463663
3.372994 5.462119 6.463663
3.372994 5.462119 6.463663
3.372994 5.462119 6.463663
3.372994 5.462119 6.463663
3.372994 5.462119 6.463663
3.372994 5.462119 6.463663
3.302711 5.436403 6.490306
3.302711 5.436403 6.490306
3.302711 5.436403 6.490306
3.302711 5.436403 6.490306
3.302711 5.436403 6.490306
3.302711 5.436403 6.490306
3.302711 5.436403 6.490306
3.302711 5.436403 6.490306
3.302711 5.436403 6.490306
3.302711 5.436403 6.490306
3.302711 5.436403 6.490306
3.302711 5.436403 6.490306
3.302711 5.436403 6.490306
3.302711 5.436403 6.490306
3.302711 5.436403 6.490306
3.302711 5.436403 6.490306
3.302711 5.436403 6.490306
3.302711 5.436403 6.490306
3.302711 5.436403 6.490306
3.253728 5.393346 6.508342
3.163442 5.463239 6.561075
3.163442 5.463239 6.561075
3.163442 5.463239 6.561075
3.163442 5.463239 6.561075
3.163442 5.463239 6.561075
3.163442 5.463239 6.561075
3.163442 5.463239 6.561075
3.163442 5.463239 6.561075
3.163442 5.463239 6.561075
3.163442 5.463239 6.561075
3.163442 5.463239 6.561075
3.163442 5.463239 6.561075
3.163442 5.463239 6.561075
3.163442 5.463239 6.561075
3.163442 5.463239 6.561075
3.163442 5.463239 6.561075
3.163442 5.463239 6.561075
3.163442 5.463239 6.561075
3.163442 5.463239 6.561075
3.163442 5.463239 6.561075
3.163442 5.463239 6.561075
3.163442 5.463239 6.561075
3.163442 5.463239 6.561075
3.163442 5.463239 6.561075
3.163442 5.463239 6.561075
3.163442 5.463239 6.561075
3.163442 5.463239 6.561075
3.163442 5.463239 6.561075
3.163442 5.463239 6.561075
3.163442 5.463239 6.561075
3.163442 5.463239 6.561075
3.163442 5.463239 6.561075
3.163442 5.463239 6.561075
3.163442 5.463239 6.561075
3.163442 5.463239 6.561075
3.163442 5.463239 6.561075
3.163442 5.463239 6.561075
3.163442 5.463239 6.561075
3.163442 5.463239 6.561075
3.163442 5.463239 6.561075
3.163442 5.463239 6.561075
3.163442 5.463239 6.561075
3.163442 5.463239 6.561075
3.163442 5.463239 6.561075
3.163442 5.463239 6.561075
3.163442 5.463239 6.561075
3.163442 5.463239 6.561075
3.163442 5.463239 6.561075
3.163442 5.463239 6.561075
3.163442 5.463239 6.561075
3.163442 5.463239 6.561075
3.163442 5.463239 6.561075
3.163442 5.463239 6.561075
3.163442 5.463239 6.561075
3.163442 5.463239 6.561075
3.163442 5.463239 6.561075
3.163442 5.463239 6.561075
3.163442 5.463239 6.561075
3.163442 5.463239 6.561075
3.134453 5.443637 6.593948
3.134453 5.443637 6.593948
3.134453 5.443637 6.593948
3.134453 5.443637 6.593948
3.134453 5.443637 6.593948
3.134453 5.443637 6.593948
3.134453 5.443637 6.593948
3.134453 5.443637 6.593948
3.134453 5.443637 6.593948
3.134453 5.443637 6.593948
3.134453 5.443637 6.593948
3.134453 5.443637 6.593948
3.134453 5.443637 6.593948
3.134453 5.443637 6.593948
3.134453 5.443637 6.593948
3.134453 5.443637 6.593948
3.134453 5.443637 6.593948
3.134453 5.443637 6.593948
3.134453 5.443637 6.593948
3.134453 5.443637 6.593948
3.134453 5.443637 6.593948
3.134453 5.443637 6.593948
3.134453 5.443637 6.593948
3.134453 5.443637 6.593948
3.134453 5.443637 6.593948
3.134453 5.443637 6.593948
3.134453 5.443637 6.593948
3.134453 5.443637 6.593948
3.134453 5.443637 6.593948
3.134453 5.443637 6.593948
3.134453 5.443637 6.593948
3.134453 5.443637 6.593948
3.134453 5.443637 6.593948
3.134453 5.443637 6.593948
3.134453 5.443637 6.593948
3.134453 5.443637 6.593948
3.134453 5.443637 6.593948
3.134453 5.443637 6.593948
3.134453 5.443637 6.593948
3.134453 5.443637 6.593948
3.134453 5.443637 6.593948
3.134453 5.443637 6.593948
3.134453 5.443637 6.593948
3.134453 5.443637 6.593948
3.134453 5.443637 6.593948
3.134453 5.443637 6.593948
3.134453 5.443637 6.593948
3.134453 5.443637 6.593948
3.134453 5.443637 6.593948
3.134453 5.443637 6.593948
3.134453 5.443637 6.593948
3.134453 5.443637 6.593948
3.134453 5.443637 6.593948
3.134453 5.443637 6.593948
3.134453 5.443637 6.593948
3.134453 5.443637 6.593948
3.134453 5.443637 6.593948
3.134453 5.443637 6.593948
3.134453 5.443637 6.593948
3.134453 5.443637 6.593948
3.134453 5.443637 6.593948
3.134453 5.443637 6.593948
3.134453 5.443637 6.593948
3.134453 5.443637 6.593948
3.134453 5.443637 6.593948
3.134453 5.443637 6.593948
3.134453 5.443637 6.593948
3.134453 5.443637 6.593948
3.134453 5.443637 6.593948
3.134453 5.443637 6.593948
3.134453 5.443637 6.593948
3.134453 5.443637 6.593948
3.134453 5.443637 6.593948
3.134453 5.443637 6.593948
3.134453 5.443637 6.593948
3.134453 5.443637 6.593948
3.134453 5.443637 6.593948
3.134453 5.443637 6.593948
3.134453 5.443637 6.593948
3.134453 5.443637 6.593948
3.134453 5.443637 6.593948
3.134453 5.443637 6.593948
3.134453 5.443637 6.593948
3.134453 5.443637 6.593948
3.134453 5.443637 6.593948
3.134453 5.443637 6.593948
3.134453 5.443637 6.593948
3.134453 5.443637 6.593948
3.134453 5.443637 6.593948
3.134453 5.443637 6.593948
3.134453 5.443637 6.593948
3.134453 5.443637 6.593948
3.134453 5.443637 6.593948
3.134453 5.443637 6.593948
3.134453 5.443637 6.593948
3.134453 5.443637 6.593948
3.134453 5.443637 6.593948
3.134453 5.443637 6.593948
3.134453 5.443637 6.593948
3.134453 5.443637 6.593948
3.134453 5.443637 6.593948
3.134453 5.443637 6.593948
3.134453 5.443637 6.593948
3.134453 5.443637 6.593948
3.134453 5.443637 6.593948
3.134453 5.443637 6.593948
3.134453 5.443637 6.593948
3.134453 5.443637 6.593948
3.134453 5.443637 6.593948
3.134453 5.443637 6.593948
3.134453 5.443637 6.593948
3.134453 5.443637 6.593948
3.134453 5.443637 6.593948
3.134453 5.443637 6.593948
3.134453 5.443637 6.593948
3.134453 5.443637 6.593948
3.134453 5.443637 6.593948
3.134453 5.443637 6.593948
3.134453 5.443637 6.593948
3.134453 5.443637 6.593948
3.134453 5.443637 6.593948
3.134453 5.443637 6.593948
3.134453 5.443637 6.593948
3.134453 5.443637 6.593948
3.134453 5.443637 6.593948
3.134453 5.443637 6.593948
3.134453 5.443637 6.593948
3.134453 5.443637 6.593948
3.134453 5.443637 6.593948
3.134453 5.443637 6.593948
3.134453 5.443637 6.593948
3.134453 5.443637 6.593948
3.134453 5.443637 6.593948
3.134453 5.443637 6.593948
3.134453 5.443637 6.593948
3.134453 5.443637 6.593948
3.134453 5.443637 6.593948
3.134453 5.443637 6.593948
3.134453 5.443637 6.593948
3.134453 5.443637 6.593948
3.134453 5.443637 6.593948
3.134453 5.443637 6.593948
3.134453 5.443637 6.593948
3.134453 5.443637 6.593948
3.134453 5.443637 6.593948
3.134453 5.443637 6.593948
3.134453 5.443637 6.593948
3.134453 5.443637 6.593948
3.134453 5.443637 6.593948
3.134453 5.443637 6.593948
3.134453 5.443637 6.593948
3.134453 5.443637 6.593948
3.134453 5.443637 6.593948
3.134453 5.443637 6.593948
3.134453 5.443637 6.593948
3.134453 5.443637 6.593948
3.134453 5.443637 6.593948
3.134453 5.443637 6.593948
3.134453 5.443637 6.593948
3.134453 5.443637 6.593948
3.134453 5.443637 6.593948
3.134453 5.443637 6.593948
3.134453 5.443637 6.593948
3.134453 5.443637 6.593948
3.134453 5.443637 6.593948
3.134453 5.443637 6.593948
3.134453 5.443637 6.593948
3.134453 5.443637 6.593948
3.134453 5.443637 6.593948
3.134453 5.443637 6.593948
3.134453 5.443637 6.593948
3.134453 5.443637 6.593948
3.134453 5.443637 6.593948
3.134453 5.443637 6.593948
3.134453 5.443637 6.593948
3.134453 5.443637 6.593948
3.134453 5.443637 6.593948
3.134453 5.443637 6.593948
3.134453 5.443637 6.593948
3.134453 5.443637 6.593948
3.134453 5.443637 6.593948
3.134453 5.443637 6.593948
3.134453 5.443637 6.593948
3.134453 5.443637 6.593948
3.134453 5.443637 6.593948
3.134453 5.443637 6.593948
3.134453 5.443637 6.593948
3.134453 5.443637 6.593948
3.134453 5.443637 6.593948
3.134453 5.443637 6.593948
3.134453 5.443637 6.593948
3.134453 5.443637 6.593948
3.134453 5.443637 6.593948
3.134453 5.443637 6.593948
3.134453 5.443637 6.593948
3.171867 5.461294 6.601923
3.171867 5.461294 6.601923
3.171867 5.461294 6.601923
3.171867 5.461294 6.601923
3.171867 5.461294 6.601923
3.171867 5.461294 6.601923
3.171867 5.461294 6.601923
3.171867 5.461294 6.601923
3.171867 5.461294 6.601923
3.171867 5.461294 6.601923
3.171867 5.461294 6.601923
3.171867 5.461294 6.601923
3.171867 5.461294 6.601923
3.171867 5.461294 6.601923
3.171867 5.461294 6.601923
3.171867 5.461294 6.601923
3.171867 5.461294 6.601923
3.171867 5.461294 6.601923
3.171867 5.461294 6.601923
3.171867 5.461294 6.601923
3.171867 5.461294 6.601923
3.171867 5.461294 6.601923
3.171867 5.461294 6.601923
3.171867 5.461294 6.601923
3.171867 5.461294 6.601923
3.171867 5.461294 6.601923
3.171867 5.461294 6.601923
3.171867 5.461294 6.601923
3.171867 5.461294 6.601923
3.171867 5.461294 6.601923
3.171867 5.461294 6.601923
3.171867 5.461294 6.601923
3.171867 5.461294 6.601923
3.171867 5.461294 6.601923
3.171867 5.461294 6.601923
3.171867 5.461294 6.601923
3.171867 5.461294 6.601923
3.171867 5.461294 6.601923
3.171867 5.461294 6.601923
3.171867 5.461294 6.601923
3.171867 5.461294 6.601923
3.171867 5.461294 6.601923
3.171867 5.461294 6.601923
3.171867 5.461294 6.601923
3.171867 5.461294 6.601923
3.171867 5.461294 6.601923
3.171867 5.461294 6.601923
3.171867 5.461294 6.601923
3.171867 5.461294 6.601923
3.171867 5.461294 6.601923
3.171867 5.461294 6.601923
3.171867 5.461294 6.601923
3.171867 5.461294 6.601923
3.171867 5.461294 6.601923
3.171867 5.461294 6.601923
3.171867 5.461294 6.601923
3.171867 5.461294 6.601923
3.171867 5.461294 6.601923
3.171867 5.461294 6.601923
3.171867 5.461294 6.601923
3.171867 5.461294 6.601923
3.171867 5.461294 6.601923
3.171867 5.461294 6.601923
3.171867 5.461294 6.601923
3.171867 5.461294 6.601923
3.171867 5.461294 6.601923
3.171867 5.461294 6.601923
3.171867 5.461294 6.601923
3.171867 5.461294 6.601923
3.171867 5.461294 6.601923
3.171867 5.461294 6.601923
3.171867 5.461294 6.601923
3.171867 5.461294 6.601923
3.171867 5.461294 6.601923
3.171867 5.461294 6.601923
3.171867 5.461294 6.601923
3.171867 5.461294 6.601923
3.171867 5.461294 6.601923
3.171867 5.461294 6.601923
3.171867 5.461294 6.601923
3.171867 5.461294 6.601923
3.171867 5.461294 6.601923
3.171867 5.461294 6.601923
3.171867 5.461294 6.601923
3.171867 5.461294 6.601923
3.171867 5.461294 6.601923
3.171867 5.461294 6.601923
3.171867 5.461294 6.601923
3.171867 5.461294 6.601923
3.171867 5.461294 6.601923
3.171867 5.461294 6.601923
3.171867 5.461294 6.601923
3.171867 5.461294 6.601923
3.171867 5.461294 6.601923
3.171867 5.461294 6.601923
3.171867 5.461294 6.601923
3.171867 5.461294 6.601923
3.171867 5.461294 6.601923
3.171867 5.461294 6.601923
3.171867 5.461294 6.601923
3.171867 5.461294 6.601923
3.171867 5.461294 6.601923
3.171867 5.461294 6.601923
3.171867 5.461294 6.601923
3.171867 5.461294 6.601923
3.171867 5.461294 6.601923
3.171867 5.461294 6.601923
3.171867 5.461294 6.601923
3.171867 5.461294 6.601923
3.171867 5.461294 6.601923
3.171867 5.461294 6.601923
3.171867 5.461294 6.601923
3.171867 5.461294 6.601923
3.171867 5.461294 6.601923
3.171867 5.461294 6.601923
3.171867 5.461294 6.601923
3.171867 5.461294 6.601923
3.171867 5.461294 6.601923
3.171867 5.461294 6.601923
3.171867 5.461294 6.601923
3.171867 5.461294 6.601923
3.171867 5.461294 6.601923
3.171867 5.461294 6.601923
3.142020 5.433971 6.604024
3.142020 5.433971 6.604024
3.142020 5.433971 6.604024
3.142020 5.433971 6.604024
3.142020 5.433971 6.604024
3.142020 5.433971 6.604024
3.142020 5.433971 6.604024
3.142020 5.433971 6.604024
3.142020 5.433971 6.604024
3.142020 5.433971 6.604024
3.142020 5.433971 6.604024
3.142020 5.433971 6.604024
3.142020 5.433971 6.604024
3.142020 5.433971 6.604024
3.142020 5.433971 6.604024
3.142020 5.433971 6.604024
3.142020 5.433971 6.604024
3.142020 5.433971 6.604024
3.142020 5.433971 6.604024
3.142020 5.433971 6.604024
3.142020 5.433971 6.604024
3.142020 5.433971 6.604024
3.142020 5.433971 6.604024
3.142020 5.433971 6.604024
3.142020 5.433971 6.604024
3.142020 5.433971 6.604024
3.142020 5.433971 6.604024
3.142020 5.433971 6.604024
3.142020 5.433971 6.604024
3.142020 5.433971 6.604024
3.142020 5.433971 6.604024
3.142020 5.433971 6.604024
3.142020 5.433971 6.604024
3.142020 5.433971 6.604024
3.142020 5.433971 6.604024
3.142020 5.433971 6.604024
3.142020 5.433971 6.604024
3.142020 5.433971 6.604024
3.142020 5.433971 6.604024
3.142020 5.433971 6.604024
3.142020 5.433971 6.604024
3.142020 5.433971 6.604024
3.142020 5.433971 6.604024
3.142020 5.433971 6.604024
3.142020 5.433971 6.604024
3.142020 5.433971 6.604024
3.142020 5.433971 6.604024
3.142020 5.433971 6.604024
3.142020 5.433971 6.604024
3.142020 5.433971 6.604024
3.142020 5.433971 6.604024
3.142020 5.433971 6.604024
